	gene	gene_name	baseMean	log2FoldChange	lfcSE	stat	pvalue	padj
1	WBGene00000075	adm-4	46.4816577862426	-3.09635115563975	0.51957381981306	-4.0757147932679	4.58732160384778e-05	0.00115452623654735
2	WBGene00000140	anc-1	713.706330346208	-1.70784639506648	0.201714720104938	-3.5684916049917	0.000359042355833041	0.00752611798487287
3	WBGene00000177	aqp-9	39.9772020023938	-2.86038086406346	0.538487599338301	-3.5341123227568	0.000409147164045284	0.00843769528870746
4	WBGene00000207	asb-2	152.096641379629	-1.98524372240923	0.294262393049163	-3.42911624401485	0.000605550110863338	0.0117590454269426
5	WBGene00000393	cdf-1	124.974661302291	-2.1781798407904	0.319067884593563	-3.77591220025281	0.000159423144351142	0.0036301978494958
6	WBGene00000443	ceh-20	3948.25435216707	1.58961526804471	0.112454158252488	5.27650282382097	1.31672485132888e-07	4.55511282588859e-06
7	WBGene00000497	chs-2	172.733654294851	-4.48980981202357	0.3793481760062	-8.99038115051397	2.46374516939514e-19	2.54731274203273e-17
8	WBGene00000514	ckb-4	141.151763614141	-2.96167435163546	0.333225180274212	-5.93942083666022	2.86030753354095e-09	1.26498340688565e-07
9	WBGene00000518	ckk-1	417.420356176385	-5.60862395499472	0.325095831288662	-13.6742941951879	1.44603546623742e-42	4.425446940873e-40
10	WBGene00000545	clp-4	113.612057507664	-2.58824510745722	0.343080890723365	-4.70218838016887	2.57387861559164e-06	7.54511313712323e-05
11	WBGene00000546	clp-6	160.239873647284	-3.00755887788283	0.316102329234795	-6.39783495624493	1.57595494051926e-10	8.3156077585606e-09
12	WBGene00000554	cnb-1	283.029276970597	-1.75365628202304	0.24814445548495	-3.10936603129667	0.00187489288531293	0.0324543110079847
13	WBGene00000615	col-38	58.97366462374	-4.44012489867841	0.582958377395997	-5.45254932719946	4.9652792739122e-08	1.82641114061069e-06
14	WBGene00000685	col-111	178.34596617542	-5.85943628357535	0.499232241808044	-8.58611940256321	8.99561779590106e-18	8.60318396955488e-16
15	WBGene00000728	col-155	101.229368149433	-2.15846187938041	0.339387638807782	-3.50149000451341	0.000462664326039357	0.00941448074076362
16	WBGene00000775	cpin-1	74.8673569155401	-3.02047531042049	0.423560621845711	-4.81835244000705	1.4474851773673e-06	4.37735537234674e-05
17	WBGene00000780	cpn-4	2504.54644534191	1.42713934859628	0.120066295640882	3.59317607809898	0.00032667167899564	0.00694268059998789
18	WBGene00000903	daf-7	116.868515610556	-4.05731268307411	0.408570318941804	-7.35182058627313	1.95525145137073e-13	1.32386096056968e-11
19	WBGene00000961	dgn-1	59.7204209712534	-2.87152275142283	0.456111525211302	-4.17011090818262	3.04451437811715e-05	0.000786945253613996
20	WBGene00001008	dlk-1	514.657015608141	-4.66659457412973	0.248826363218534	-14.6148535652633	2.25839448737551e-48	1.01641036605353e-45
21	WBGene00001042	dnj-24	1506.34635687523	2.83332007417936	0.130974680966732	14.0328466132228	9.81321312282823e-45	3.57528064775042e-42
22	WBGene00001119	dyf-3	288.599374166137	-5.90657114461776	0.416428678881038	-10.9378579560166	7.59737025128017e-28	1.32107908619419e-25
23	WBGene00001131	dys-1	199.24661155016	-2.27368254631341	0.267923910175703	-4.82237513947128	1.41858829100471e-06	4.30699167241152e-05
24	WBGene00001583	gfi-3	149.354831487633	-2.21412966229969	0.291560482577934	-4.23854164848683	2.24976450307518e-05	0.000595603744395439
25	WBGene00001638	gly-13	381.517591363164	-2.21119631045704	0.199510470934123	-6.12277392076042	9.19601334276739e-10	4.42507535129014e-08
26	WBGene00001745	gsa-1	818.146437953028	-3.75273901874798	0.174355752946772	-15.7893055421515	3.68615721636903e-56	2.01448491874568e-53
27	WBGene00001814	haf-4	556.111411292356	-5.12994205471306	0.258335289074166	-15.7500013694255	6.86798277273647e-56	3.50312907961378e-53
28	WBGene00001955	hlh-11	429.921908277365	-4.65577602276304	0.260751141280965	-13.8718625757297	9.3808809628187e-44	3.14355303024304e-41
29	WBGene00002100	ins-17	284.71969055844	-4.37711024323238	0.301874971881133	-11.0711395094788	1.73184277971448e-28	3.08147188548733e-26
30	WBGene00002176	jip-1	212.540674517754	-5.08808125848796	0.404567381111412	-9.71518540214479	2.5977583019878e-22	3.25827028991945e-20
31	WBGene00002184	kel-1	308.959859513783	-2.89213255249683	0.225973708519597	-8.41111248589019	4.06139994164706e-17	3.6992584468502e-15
32	WBGene00002230	klp-20	140.602281341503	-1.87879008377933	0.297176232587168	-3.04046372356829	0.0023621414542875	0.0399839474928179
33	WBGene00002253	lbp-1	30.3378490040157	-3.09576627148858	0.614285122479319	-3.451507263358	0.000557464751921938	0.0109363149152686
34	WBGene00002264	lec-1	65.0859334818654	-2.43928560108253	0.426484032410701	-3.47357877141289	0.000513566590235692	0.010313118062712
35	WBGene00003182	mef-2	479.951159666905	-2.15965487816857	0.184895427952369	-6.32119693995532	2.5954498854527e-10	1.33273738748984e-08
36	WBGene00003235	mif-2	1722.24559676811	2.41743724593557	0.142157616392247	10.01194943415	1.35064458399323e-23	1.78168650209176e-21
37	WBGene00003387	mod-5	113.860880808184	-4.56933821897239	0.45201999534202	-7.56051918567165	4.01463661443238e-14	2.87065277916095e-12
38	WBGene00003579	ndx-2	259.647756007981	-5.51611609945886	0.426022932566822	-10.0813889562422	6.67754254048117e-24	8.96313648723183e-22
39	WBGene00003600	nhr-1	550.54826948498	-1.94557541266608	0.194368890992723	-4.92006411367929	8.65158678401709e-07	2.73525993737664e-05
40	WBGene00003612	nhr-13	53.5733210214266	2.56187256457171	0.431632878859183	3.73258574124478	0.000189524152063599	0.00422754894296966
41	WBGene00003614	nhr-15	1539.51781473793	-1.4853520389989	0.124196694126709	-3.94441238006881	7.99958955970046e-05	0.00191265186628963
42	WBGene00003654	nhr-64	85.0087245162379	-5.37465425664723	0.610362728462921	-5.97696171504059	2.27337598213439e-09	1.0353333118637e-07
43	WBGene00003903	pab-2	375.58993255996	-2.35997681166871	0.198894611016823	-6.8863466142948	5.72434184390788e-12	3.39511158509606e-10
44	WBGene00003941	pbo-1	714.641611400084	2.50854935596809	0.160620345839812	9.43642457135957	3.85716731775764e-21	4.61112299190058e-19
45	WBGene00003976	pes-1	136.044498576035	-3.12791821453966	0.364370433168016	-5.891632511228	3.82398834372533e-09	1.6623485691956e-07
46	WBGene00004044	plk-3	4516.60247779066	4.09448943336666	0.107486111049434	28.8119722682643	1.51866331453644e-182	3.87309767317277e-179
47	WBGene00004057	pmk-3	927.68279730894	-2.85626029394252	0.161121410164599	-11.5568898421183	6.81319646357136e-31	1.30319415356961e-28
48	WBGene00004113	pqn-24	93.6261379782541	7.15356566535809	0.704516882655391	6.3777031392753	1.79763528033329e-10	9.42034762317122e-09
49	WBGene00004120	pqn-32	25.3530138397317	-3.94827230306443	0.728664869084594	-3.60517606222032	0.000311941376245696	0.0066853318477754
50	WBGene00004148	pqn-65	209.755773263545	-1.93658247921503	0.247479402564935	-3.85260545401667	0.000116867618712523	0.00272607972795584
51	WBGene00004164	pqn-83	1168.84210692812	1.39812043153967	0.127291003057747	3.16540756468172	0.00154865859157468	0.0273013522675989
52	WBGene00004196	prx-11	156.99871848085	-5.34898018607119	0.491227938246163	-8.19566715803195	2.4920703909739e-16	2.16668529106152e-14
53	WBGene00004198	prx-13	482.133640028806	-3.92679123950721	0.219726757899239	-13.2956835048198	2.45222053636942e-40	6.94886641620831e-38
54	WBGene00004202	pry-1	125.383964802604	-2.98957468501762	0.343120033101418	-5.84615775645199	5.03056991933835e-09	2.06929518563751e-07
55	WBGene00004377	rme-6	92.021393164585	-2.10108396486661	0.356182825559679	-3.18593367595699	0.00144287670976437	0.0256731388521097
56	WBGene00004512	rrn-1.1	865.742606546943	1.74904979621263	0.141617654958424	5.33092807223735	9.77121171198871e-08	3.46108985224193e-06
57	WBGene00004513	rrn-1.2	877.125088473575	1.82670355164038	0.149155660467518	5.58643222283457	2.31781946894507e-08	8.77902809747463e-07
58	WBGene00004778	ser-3	160.979826593133	-3.77790633835835	0.337030130843023	-8.19303890261102	2.54711801319312e-16	2.18966291224051e-14
59	WBGene00004790	sgn-1	33.0844151527013	4.32653928122088	0.631702769552986	5.00086965736325	5.70722884856256e-07	1.85025457289628e-05
60	WBGene00004795	sid-1	8213.63748206457	3.22864216304338	0.0981470367583821	22.734742593376	2.03161111665166e-114	1.94298208168773e-111
61	WBGene00004857	sma-3	50.7477180092262	-2.48785449351075	0.512419187537643	-3.03126866883546	0.00243528448884472	0.0409502453278044
62	WBGene00004945	sop-2	60.6169252841931	2.45978448300302	0.423303627199831	3.56603440315774	0.000362423815406375	0.00757624210839939
63	WBGene00005061	sra-35	149.364137000523	-3.71018908331484	0.345893789148	-7.79601728001626	6.38916417339563e-15	4.79249951869118e-13
64	WBGene00006432	tag-53	127.093800941771	-3.31861699404911	0.350349114374879	-6.63053629377085	3.34469419585096e-11	1.85436632554027e-09
65	WBGene00006513	tag-168	143.437981789545	-6.13181763319058	0.577250094574389	-7.06309746371294	1.62831426303362e-12	1.04691028793867e-10
66	WBGene00006570	tig-2	79.7293317486889	-3.81518069256568	0.47374243276122	-5.85914342174941	4.65260751318289e-09	1.95588461996496e-07
67	WBGene00006594	tom-1	310.751580716309	-2.02213794129485	0.218858056885572	-4.73021973084529	2.2427695700017e-06	6.63773416440857e-05
68	WBGene00006616	trp-4	356.2779252313	-6.69040332417522	0.456311657639984	-10.8852879732923	1.35469776531249e-27	2.30328724497908e-25
69	WBGene00006640	tsp-14	187.299845344625	-2.61545039917945	0.28106277396389	-5.80805833858073	6.3201496324036e-09	2.5720991934851e-07
70	WBGene00006750	unc-10	266.945919394581	-3.35852506851041	0.258654478454154	-9.13359216628235	6.62632910561743e-20	7.14056957564493e-18
71	WBGene00006784	unc-49	439.202772363162	-2.32593795267183	0.187508719841947	-7.11828837019118	1.0927555929863e-12	7.14587439481894e-11
72	WBGene00006805	unc-73	150.317895362609	2.98003969521174	0.284482146607415	7.02131474862495	2.1979009443214e-12	1.35614033266153e-10
73	WBGene00006830	unc-103	44.5181733250675	-3.1352695020417	0.534052499924402	-4.03488720264796	5.46285346103468e-05	0.00135702246202521
74	WBGene00006962	xol-1	201.487247512108	-3.23875710734274	0.283430630547229	-7.92006612098584	2.37384310506265e-15	1.87239933987983e-13
75	WBGene00006985	zig-8	90.7275249582706	-3.45623922770956	0.411639059258002	-5.9540224810316	2.6163084076403e-09	1.17060676180444e-07
76	WBGene00007015	mdt-11	564.936176533695	1.52630670056144	0.158880968252645	3.3596728754488	0.000780348117783264	0.0147418356769377
77	WBGene00007060	wht-6	21.1796814514091	-3.12953833658676	0.700734457351388	-3.05825867205192	0.00222627313421396	0.0380205708702479
78	WBGene00007119	calf-1	210.566533068771	-3.28016339508629	0.280633786098508	-8.14378384960019	3.83112886683041e-16	3.25688521779105e-14
79	WBGene00007124	B0250.7	2368.26833107411	1.72084742727505	0.117166744756386	6.18696507360753	6.13335472307758e-10	3.06707823439651e-08
80	WBGene00007132	B0284.2	26.3218318941967	3.94387047484017	0.667637978352419	4.30914271508354	1.63888589347165e-05	0.000441518167991253
81	WBGene00007139	mnp-1	322.701508660414	-5.71745246323431	0.373037740626044	-11.980350613165	4.50414726987468e-33	9.57256410050311e-31
82	WBGene00007140	cyp-29A4	15.6168549539685	3.12640388691827	0.732874856453702	3.03327735721746	0.00241913146198049	0.0407682264661074
83	WBGene00007202	B0564.2	2722.26826075826	5.51138642775737	0.138645579924269	32.5003172671412	1.05533636813215e-231	8.07437855257907e-228
84	WBGene00007275	C03D6.1	80.5342650062516	-2.79348347157599	0.50008228354414	-3.70847179799155	0.000208513878437995	0.00461080833505519
85	WBGene00007372	C06B8.7	106.077275455565	-3.26846641469321	0.380125415460782	-5.98862711201909	2.11619715279303e-09	9.81952805111919e-08
86	WBGene00007454	C08F11.7	372.52748752554	-4.70476920608363	0.281923812601306	-12.9677053843839	1.86531119032639e-38	4.92120548868526e-36
87	WBGene00007455	ugt-22	36.6747628598611	4.6821597161867	0.637852435770641	5.28241509957813	1.27491923054739e-07	4.43382137859914e-06
88	WBGene00007489	C09G5.7	39.5227401823076	-3.82343507718585	0.624449577249272	-4.34573803293876	1.38808152594677e-05	0.00038065275107594
89	WBGene00007600	C15C6.1	192.000450556387	-2.94866515375984	0.285881893506685	-6.86119308460725	6.82877877499188e-12	3.98831957308877e-10
90	WBGene00007667	fbxa-97	121.748316523721	-2.07222535150301	0.314447601466447	-3.49366664101051	0.000476435534762338	0.00966898747073381
91	WBGene00007672	fbxa-136	247.659363231034	2.57617993722695	0.228406275119863	6.96073932956541	3.38491584705028e-12	2.05539612268108e-10
92	WBGene00007675	C18D4.6	316.273818962733	-3.13390607634085	0.238301386458547	-8.98610399910373	2.56149594859296e-19	2.57868493456378e-17
93	WBGene00007679	C18D11.1	204.896619536803	-2.62272567473613	0.260820371263221	-6.27532058792563	3.48914608859966e-10	1.75628004762342e-08
94	WBGene00007715	C25D7.2	2226.00610665566	7.45716992640604	0.724315111925054	9.13515236750012	6.53147354575482e-20	7.13890058551002e-18
95	WBGene00007717	C25D7.5	63.2872838727068	3.0896850072868	0.418658634591442	5.07203705548871	3.93579723498571e-07	1.30358375086042e-05
96	WBGene00007779	C27D8.3	452.110226456393	-2.584725549729	0.200361765861707	-7.95632713078284	1.77221452773365e-15	1.44246950549895e-13
97	WBGene00007813	jmjd-3.3	89.6233170192693	-2.85215043344088	0.38268263408844	-4.89957088678637	9.60461935844683e-07	3.01167797997855e-05
98	WBGene00007926	C34C12.7	181.816736592172	-2.59966414098649	0.281107108288311	-5.75111771735512	8.86553554404136e-09	3.5328235649719e-07
99	WBGene00007928	C34C12.9	74.935563137062	-3.02309791084616	0.428270017515198	-4.77464999846276	1.8002006394766e-06	5.35927435511108e-05
100	WBGene00007982	pxd-1	1961.71553962302	1.80172649783546	0.122634564134164	6.57371091274219	4.90764727291355e-11	2.68202923464725e-09
101	WBGene00007984	irx-1	79.5206260002528	-2.40817485644078	0.392163716884717	-3.68407979205268	0.000229530337196598	0.00504636956865279
102	WBGene00008007	C38D4.7	2835.36047801619	1.51181478488	0.121302724564928	4.25532176010413	2.08748602204519e-05	0.000554560956759297
103	WBGene00008078	vesa-1	40.1610308079318	-3.21721726756334	0.56390487227372	-3.95332663623554	7.70721110336211e-05	0.0018543356022586
104	WBGene00008086	C44C10.5	1068.81806316468	-1.8680116684844	0.14596816712482	-5.98835292003878	2.11976706676353e-09	9.81952805111919e-08
105	WBGene00008090	C44C10.10	87.7838735981323	-2.46040902064466	0.371658896696173	-4.01329780185503	5.98762941284779e-05	0.00147778556895801
106	WBGene00008111	C46C2.3	2908.91587258858	1.34958912149705	0.108702175634816	3.24828706890662	0.00116102070520221	0.0211499271797669
107	WBGene00008348	C56G7.3	144.465884356949	-3.70662059702051	0.36175391880688	-7.45257992468372	9.15323713887508e-14	6.36649248632121e-12
108	WBGene00008353	D1025.1	54.7460636029327	-3.1436039034648	0.500740202356117	-4.32282798703776	1.54041833812193e-05	0.000419421377401098
109	WBGene00008425	D2045.8	37.0374185124388	3.41395455041175	0.568918947809078	4.32197334106	1.54639877094225e-05	0.000419556631080821
110	WBGene00008446	E01G4.3	507.422227771459	3.30723906226811	0.208208920794855	11.1281897753528	9.14742772407193e-29	1.70699925650913e-26
111	WBGene00008447	E01G4.5	1337.26436204633	-2.2263569762709	0.164362522464613	-7.50783171493777	6.01147123068101e-14	4.24868529345752e-12
112	WBGene00008568	F08A8.5	70.4567955792265	-2.3556153270682	0.403386798714245	-3.45745029510414	0.000545312826884868	0.0107930443046835
113	WBGene00008582	F08G5.3	23.0331402575293	-3.25681272305518	0.691047174850519	-3.24550901917055	0.00117240850612962	0.0213066448465503
114	WBGene00008622	F09C8.2	599.079456752347	-1.57942606423913	0.166381343462768	-3.53095473626202	0.000414062598261126	0.0084932786576297
115	WBGene00008726	F13A7.11	94.8321871276753	-3.3908635219748	0.404668932756324	-5.91057024567082	3.40925425165242e-09	1.49052595882244e-07
116	WBGene00008776	F13H10.5	154.481395216401	-2.64764262658	0.295643751627281	-5.63207662668994	1.78052535334347e-08	6.9151266387974e-07
117	WBGene00008782	sdz-14	129.678138624617	-1.94832918270102	0.303965752166629	-3.20348149365209	0.00135776766133021	0.0243285254726873
118	WBGene00008819	shw-1	79.9641806021493	-3.10380811177601	0.436425101943581	-4.87290479630089	1.09969224518983e-06	3.40637464289369e-05
119	WBGene00008890	ser-5	181.237397377687	-4.95440708238844	0.404870926437057	-9.36416234079097	7.66559096474749e-21	8.75364723451986e-19
120	WBGene00008937	srt-43	532.285648778836	-1.51855311913572	0.174728392256503	-3.01890781007239	0.00253687715190495	0.0422868128305551
121	WBGene00009089	jmjd-3.2	191.894881673776	-1.75208786130879	0.255461953897361	-3.01693317479307	0.00255346096171626	0.0424707169958502
122	WBGene00009142	F26A3.4	256.541404416092	2.10015155614046	0.223914463532659	4.9775603679284	6.43907027282608e-07	2.0699717082938e-05
123	WBGene00009221	acs-2	86.9630993890225	-3.53766959813868	0.430807802537715	-5.86723283969499	4.43128195281687e-09	1.88354101227788e-07
124	WBGene00009224	F28F8.7	135.272478359853	-2.08853584524391	0.298695026756314	-3.72325184633578	0.000196673161923609	0.00437426267987655
125	WBGene00009252	F29D10.3	46.7147391923884	2.4564962472294	0.45668476817129	3.31521824892864	0.000915716000693026	0.0170052017507338
126	WBGene00009288	F31C3.6	83.3081045043664	-3.41843762606528	0.465061369395409	-5.22638557875443	1.72855704329185e-07	5.82607486265459e-06
127	WBGene00009299	F31E9.6	197.489319531202	-3.83291648406178	0.313533859691486	-8.98843363266525	2.50778837353929e-19	2.55827851279321e-17
128	WBGene00009323	best-13	525.468361937076	-1.92115433824827	0.177186104886344	-5.24845405648697	1.53380880521432e-07	5.21563163053101e-06
129	WBGene00009361	F33E2.5	116.758367828918	-3.28048146293392	0.362109389203017	-6.31459020579929	2.70878286518272e-10	1.38165984676753e-08
130	WBGene00009380	F34H10.3	458.308651805715	-3.21773862309141	0.20716580616206	-10.7315564000407	7.23669031254093e-27	1.2036503822011e-24
131	WBGene00009453	F36A2.3	94.1995513304842	-4.21388582310332	0.509112367456359	-6.16961802952554	6.84551604859213e-10	3.35737456972938e-08
132	WBGene00009558	F39B2.8	29.4491424037183	-3.41420950396182	0.649415611407569	-3.66427075502561	0.00024804428825883	0.00542896385452965
133	WBGene00009635	F42F12.3	114.50929771338	-2.56930813073017	0.333382314071387	-4.77691896371185	1.78001464404295e-06	5.3198797037393e-05
134	WBGene00009644	F42G4.7	396.843233608534	1.59410684906372	0.191802344648172	3.15446947953608	0.00160790195328536	0.0282157290013447
135	WBGene00009696	F44F1.4	719.20264270845	-1.45134888586032	0.151677151506646	-3.02017626193377	0.00252627619186265	0.0422020505326226
136	WBGene00009917	glb-18	73.5424800212114	-3.35241088518615	0.444132640609738	-5.29750767151814	1.17393974787239e-07	4.12009771145488e-06
137	WBGene00009962	F53B6.7	102.735554400104	-2.58548308482735	0.366136156750993	-4.41070436579571	1.03034910374015e-05	0.000283568381032945
138	WBGene00010012	saeg-1	315.166588244504	-4.42121106433236	0.289334922571257	-11.7047890893495	1.20458379538332e-31	2.3631463124302e-29
139	WBGene00010184	F57A10.2	20.4532553490963	-3.07345215342439	0.705932745024596	-2.97451887374838	0.00293448403097013	0.0484642037569648
140	WBGene00010209	fbxa-191	80.6802471469409	-2.3212302382191	0.379154850533921	-3.5766562909268	0.000348017277198982	0.00733520712906174
141	WBGene00010242	F58D5.2	91.4104811633138	-2.4279958313326	0.372822380051793	-3.91854983067818	8.90833142430128e-05	0.00211014376864796
142	WBGene00010294	fbxa-129	68.0918838506478	2.0895715033319	0.380624082233567	2.97403202588834	0.00293914397375921	0.0484642037569648
143	WBGene00010295	fbxa-193	1853.76488853792	3.0925878923471	0.125421412045073	16.7169824982244	9.85861372822445e-63	5.80217335651118e-60
144	WBGene00010365	H04D03.4	81.7549067693765	-3.22709244185352	0.41628086149646	-5.37034586462823	7.85857767287475e-08	2.82281585798895e-06
145	WBGene00010451	K01A11.3	339.980574612925	-1.87572498396514	0.199061171482054	-4.45460911268755	8.40461777294148e-06	0.00023214343169955
146	WBGene00010453	fozi-1	467.682227617067	-4.40700413887829	0.238636900003224	-14.1835180849059	1.15888003509339e-45	4.66662692026292e-43
147	WBGene00010581	K05C4.4	447.475234984225	2.3070466419003	0.187339219336106	7.02969542405756	2.06984862440133e-12	1.29806654305693e-10
148	WBGene00010610	K07A1.3	184.221932860597	-4.66130725685375	0.379966369600949	-9.37216463900239	7.10599654074485e-21	8.23757265655134e-19
149	WBGene00010704	K09A11.1	60.518370415557	-2.25602836282933	0.427924918993843	-3.04353370210539	0.00233817249444119	0.0397541283443767
150	WBGene00010756	K10G9.2	184.256500069861	2.32353855142481	0.252239578669609	5.31697531158944	1.05506377215232e-07	3.71995065471771e-06
151	WBGene00010768	K11D2.1	95.1088826271121	-3.27721813462932	0.43871379381705	-5.23997815489942	1.6059560700085e-07	5.43680083700664e-06
152	WBGene00010769	asah-1	58.2159322932371	-4.41190856637513	0.587601933460705	-5.38125005035539	7.39703593348785e-08	2.66956235505262e-06
153	WBGene00010869	M05B5.1	226.058964146617	1.74397318666436	0.247074653938759	3.08458745656081	0.00203834671715227	0.0349672437958117
154	WBGene00010976	R02D5.1	250.706627272267	-3.0713086919812	0.273211778714836	-7.6243446679958	2.45277213183616e-14	1.78725329339795e-12
155	WBGene00011059	R06C1.4	386.606118040244	-3.07950414986276	0.233160602194044	-8.95935013340572	3.26597525447247e-19	3.24519177558038e-17
156	WBGene00011066	ztf-15	154.827221044011	-2.12295439249631	0.282641198758492	-4.04716658078147	5.1841348994483e-05	0.00129198098096674
157	WBGene00011305	R186.1	38.1761934591588	3.4057234957422	0.538148144409904	4.53284186841706	5.81953817034028e-06	0.000163695906401741
158	WBGene00011365	T02C1.1	30.7020518551344	-2.94780723587443	0.605372689900966	-3.29157043530829	0.000996296642902837	0.0183678689514448
159	WBGene00011393	T03D8.6	139.682159195831	-2.67723106523764	0.313103949997239	-5.41833636673211	6.01561605050691e-08	2.19168944773468e-06
160	WBGene00011497	T05F1.13	139.624225814627	-2.70106305614735	0.316610494681162	-5.43466326495805	5.49000097655446e-08	2.00976064457503e-06
161	WBGene00011550	T06G6.11	68.4967472012837	-2.35178214282819	0.411479828984428	-3.38517968239816	0.000711316753659569	0.0135717817512453
162	WBGene00011592	T07F10.6	164.420050989628	-2.84680756737517	0.311697101155438	-5.9827235346557	2.19437052043259e-09	1.00533705699579e-07
163	WBGene00011737	sqst-1	12324.3859394881	1.33365398330593	0.0974816282999466	3.45166785009122	0.000557133105370512	0.0109363149152686
164	WBGene00011771	T14G8.3	97.5526172232975	-2.29231862833385	0.348685771556002	-3.79213495864043	0.000149357703674184	0.00341115161436174
165	WBGene00011791	T15H9.6	48.7685874111429	-2.62249701770993	0.48794598313784	-3.42402467249279	0.000617010188731182	0.0119210731161169
166	WBGene00011803	T16G12.1	93.9731439933398	-3.96801779569522	0.446372762670746	-6.52883025252826	6.62853211666262e-11	3.59680136344579e-09
167	WBGene00011812	T16H12.2	1472.34986257065	2.67729025432616	0.142414231291174	11.8174462182538	3.17180349524582e-32	6.38617593213836e-30
168	WBGene00011829	T19A6.4	160.012709805684	-3.14149281785834	0.310099762938754	-6.93604418395301	4.03231532437103e-12	2.41025348021584e-10
169	WBGene00011951	T23F6.3	46.4489221681835	2.39924365770635	0.458531041480037	3.18056040170433	0.00146990492992953	0.0260933703454544
170	WBGene00011974	xbx-5	40.6600443876787	2.59256997861321	0.505695768658996	3.28727543034128	0.00101161838038994	0.0185608926339652
171	WBGene00012096	T27E9.6	121.506351325403	-2.4447720700038	0.319882934643042	-4.5889919102738	4.45391687611055e-06	0.000127152679175828
172	WBGene00012103	clec-12	48.6214568071106	-2.76886481187762	0.497083105366735	-3.64603592294326	0.00026631676293838	0.00577220836612335
173	WBGene00012124	T28D6.4	110.119495439177	-5.72557190283509	0.601272166397385	-6.43593309040136	1.22717086882334e-10	6.52019744261623e-09
174	WBGene00012130	T28F3.4	36.5956237662375	2.54997048535175	0.506825338152579	3.19546832115408	0.00139604107697282	0.0249558651399977
175	WBGene00012151	VH15N14R.1	175.631137427443	-2.6914479866932	0.291611480007442	-5.85962090443931	4.63925015025326e-09	1.95588461996496e-07
176	WBGene00012199	mltn-3	105.563909870898	4.3128666495109	0.418594324261722	7.85984655669578	3.84604307547973e-15	2.94260755704954e-13
177	WBGene00012219	W03C9.1	324.861006326891	-5.23988308733625	0.334925120279572	-12.2730244921923	1.26440394736128e-34	2.84528076507682e-32
178	WBGene00012222	W03C9.6	50.8854699168848	-3.05329309398737	0.553216258512694	-3.80006726300251	0.000144656818415502	0.00332363158467568
179	WBGene00012227	W03H9.1	81.0861068625134	-2.28371851593359	0.375452770164439	-3.51169047564742	0.000445266256536503	0.00908461901002876
180	WBGene00012237	W04A8.2	1144.26899009214	3.40221648790121	0.173715233228881	13.8713362973056	9.44996989878315e-44	3.14355303024304e-41
181	WBGene00012238	W04A8.3	58.011010256284	-2.41953238616416	0.439985956146519	-3.32822553587205	0.000874010783723016	0.016309893917719
182	WBGene00012239	W04A8.4	72.9932489789267	-2.46782272032049	0.412620030218227	-3.65258066144624	0.000259618006863637	0.00564300389350478
183	WBGene00012490	Y19D2B.2	138.595893210563	-1.90841231443009	0.2896225193138	-3.21664083891881	0.00129700855999445	0.0233492058647471
184	WBGene00012492	fbxb-7	63.9493054265004	-2.64411700308537	0.434456814500358	-3.86978002838736	0.000108933595687444	0.00254877963487656
185	WBGene00012499	Y24F12A.4	197.290966288326	-2.70433450099345	0.287563644512715	-5.98753165255125	2.13049491110415e-09	9.81952805111919e-08
186	WBGene00012554	Y37D8A.16	174.267564129733	-3.48211601027899	0.313490337666936	-7.91549895199625	2.46263470475003e-15	1.9031937501053e-13
187	WBGene00012560	Y37D8A.25	159.978594692052	1.86387536621758	0.261425996249509	3.38127554369035	0.000721501521115765	0.0137318610399421
188	WBGene00012618	dct-10	587.712888119438	-2.14195686873821	0.168989989931674	-6.80288924944624	1.02541479811416e-11	5.76871222086137e-10
189	WBGene00012624	fbxa-150	498.174990974268	-1.58312983328085	0.17064739618142	-3.46662522861132	0.00052703616621864	0.0105123696376381
190	WBGene00012632	Y38H6C.20	56.319532463902	-2.92702874245413	0.47162271703816	-4.14926273931451	3.33547799287797e-05	0.000856367185352662
191	WBGene00012710	Y39C12A.9	85.3734909264697	-3.16550640489188	0.411795071854709	-5.29169167303571	1.21190085096637e-07	4.23390566700626e-06
192	WBGene00012717	Y39E4B.6	148.82732180177	-2.36193178536111	0.299895952961063	-4.61414620927582	3.94714501553267e-06	0.000114392448916062
193	WBGene00012758	Y41C4A.12	143.160235519185	-4.36761518769183	0.39494632816155	-8.32030049946442	8.7740577868203e-17	7.89768425023084e-15
194	WBGene00012759	sup-1	63.9119414357727	-2.40299374398113	0.4370247476348	-3.31587118305148	0.000913579291931348	0.0170052017507338
195	WBGene00012788	Y43D4A.2	22.9637347602682	4.19296664054469	0.707646834161093	4.19902946494634	2.68061441448939e-05	0.000699978869804039
196	WBGene00012827	Y43F8C.5	67.0107056412144	-2.72305658281418	0.465480993422674	-3.80163971091408	0.000143741647756526	0.00332255996068031
197	WBGene00012831	Y43F8C.9	150.665221912507	-3.77343504791079	0.346681415514855	-7.94855760719368	1.88695589558741e-15	1.51969469022519e-13
198	WBGene00012851	Y44A6C.2	74.6319687082361	-2.18110533416996	0.395947088222344	-3.08673711104958	0.00202366479680421	0.0347933918210089
199	WBGene00012854	Y44A6D.3	321.781231023622	-1.95726797191916	0.210683491160561	-4.60170430891662	4.19047827580986e-06	0.000120531388301584
200	WBGene00012866	Y45F10A.3	77.3406876615302	-3.0552692884253	0.426945696017434	-4.86354414388519	1.15302295438517e-06	3.54288298152648e-05
201	WBGene00012899	Y46G5A.7	150.324622096421	-2.48009891922483	0.295912185882112	-5.06829157316063	4.01402198188486e-07	1.32376216307763e-05
202	WBGene00012922	Y47D3A.1	54.4333887422301	-2.63057947223578	0.468142805542717	-3.57872624367369	0.000345272899322894	0.00729746672021951
203	WBGene00012933	mib-1	61.6754496229565	-2.71063739771334	0.441169622263106	-3.95778409744207	7.56482869204054e-05	0.00182582032564045
204	WBGene00012944	Y47D3B.11	299.296711754779	-3.18542038924715	0.240310161609493	-9.12014124865304	7.50264815198449e-20	7.97260569594907e-18
205	WBGene00012967	kvs-4	73.8777579584199	-3.8105633389264	0.478786229839703	-5.77044563546934	7.90621694106488e-09	3.18370872716249e-07
206	WBGene00012985	Y48C3A.1	236.063493603755	-2.44052945053875	0.248746202629881	-5.85015268987927	4.91121951745492e-09	2.04215981130693e-07
207	WBGene00013159	Y53F4B.12	329.884479160874	-4.94803412041128	0.314480327923201	-12.2937994606802	9.77989577103008e-35	2.26745401648943e-32
208	WBGene00013180	cutl-10	63.554277077242	-2.4457615679367	0.43498163294562	-3.42553701448196	0.000613585322304812	0.0118849146859598
209	WBGene00013221	Y54G11A.14	8494.43256536681	1.93772617746545	0.106153456978696	8.86511030092459	7.64283726930952e-19	7.49683948044706e-17
210	WBGene00013222	dmsr-6	300.711942154443	1.61849390458213	0.203803614338214	3.09518615601543	0.00196689406698988	0.0339699921140848
211	WBGene00013230	fbxb-22	128.073060962165	-3.14765581300301	0.343690822687225	-6.28115941709715	3.36057323796714e-10	1.70276462540971e-08
212	WBGene00013233	sdz-33	170.219776684439	-2.76264206739578	0.303364255608178	-5.86998408937212	4.35836963360003e-09	1.86289866294267e-07
213	WBGene00013234	fbxb-24	224.038463771815	-3.06412324624842	0.265842849779862	-7.7978081081326	6.29916977752485e-15	4.77177702651907e-13
214	WBGene00013288	Y57A10C.10	126.36350563052	-2.32110424290854	0.330451731250507	-4.08144391028444	4.47567794846046e-05	0.00113014561002214
215	WBGene00013387	Y62F5A.9	39.4778806224597	-3.30172686157676	0.587244227060981	-3.93449224869692	8.33727592166813e-05	0.00198100925703984
216	WBGene00013429	Y66D12A.3	69.3701856691867	-3.24705127182175	0.453836396203789	-4.9734295408985	6.57786885092437e-07	2.10574370621014e-05
217	WBGene00013440	Y66D12A.14	260.925132600893	-3.90714224821065	0.279294941760356	-10.3600972723639	3.76578873744524e-25	5.70965632867366e-23
218	WBGene00013499	Y70G10A.3	255.775635624344	-3.90805997103558	0.281615338474967	-10.2764424172677	8.99881214898667e-25	1.29905493871504e-22
219	WBGene00013500	Y71A12B.2	271.048776653332	-2.32440569292132	0.232880211193592	-5.74502434551857	9.19077618975864e-09	3.64345226051002e-07
220	WBGene00013511	Y71A12B.15	63.4550461593725	-3.0452002047907	0.454816963901325	-4.54320895467452	5.54042826388367e-06	0.00015641998762721
221	WBGene00013536	Y73F8A.32	85.9657824501605	-3.10567905201288	0.414774335695944	-5.12182358057819	3.02594932507176e-07	1.00658862113583e-05
222	WBGene00013537	Y73F8A.33	254.718002770249	-3.89505187356251	0.285380948614082	-10.1007458632641	5.48236133630353e-24	7.4902761757247e-22
223	WBGene00013563	Y75B8A.33	108.886582559084	-4.20513653056625	0.436179607989446	-7.16734329703999	7.64671146046581e-13	5.04353356758827e-11
224	WBGene00013575	acs-5	198.224725283925	-5.27828940924577	0.414260913372996	-9.75364880445369	1.77954569654588e-22	2.26921735404543e-20
225	WBGene00013672	catp-1	139.910951735397	-4.48959167716641	0.408414080511989	-8.28865542589196	1.1453582437353e-16	1.00725700262285e-14
226	WBGene00013736	Y111B2A.13	1462.74052465662	1.72858779256501	0.127325162746437	5.75984490953129	8.41912566277761e-09	3.37249897622573e-07
227	WBGene00013859	ZC247.1	774.760109525627	-1.60048805275565	0.149940290053069	-4.04838784940072	5.15716355334014e-05	0.00128945942309168
228	WBGene00014027	tpk-1	1872.24350751547	4.43898664608983	0.139939133804246	24.5861733066113	1.77577213151607e-133	2.26440542970491e-130
229	WBGene00014033	arrd-15	127.030572059922	-3.41107908729423	0.353164866588904	-6.82672921879963	8.6872443959228e-12	4.92341532394114e-10
230	WBGene00014041	ZK666.1	51.6951882930996	-3.48793978063691	0.53604406037355	-4.61298515315259	3.96926665385772e-06	0.000114599468561001
231	WBGene00014061	ZK673.5	77.7807992030073	-4.10290850483879	0.490819876183085	-6.12647717464644	8.98460886548974e-10	4.3507115461938e-08
232	WBGene00014064	sdz-37	45.8600042249068	-3.07532714875692	0.53107323868558	-3.95922004575629	7.51949314061658e-05	0.00182062158287524
233	WBGene00014105	ZK856.4	35.1372549870998	-3.01032849451051	0.581313008926914	-3.52140961759979	0.000429258972281613	0.0087814449115685
234	WBGene00014148	ZK909.3	140.407240076091	-2.19765519429625	0.294403671877937	-4.14289924111131	3.42942641192679e-05	0.000877543193232505
235	WBGene00014178	ZK1010.4	76.7040487193918	-4.34525555892364	0.516481052953149	-6.16982634997391	6.83650324734662e-10	3.35737456972938e-08
236	WBGene00014206	nit-1	204.692224429834	-2.16057841089917	0.257630257750988	-4.57210818314098	4.82841523530893e-06	0.000137331616971556
237	WBGene00014213	ZK1073.1	260.471499854313	-1.71754128991847	0.219352327746123	-3.33365057352985	0.000857142637834097	0.0160342257263293
238	WBGene00014307	F07H5.3	26.5251221441382	2.73130538259699	0.583380410938548	3.11684822216873	0.00182795656221965	0.0317135955953346
239	WBGene00014308	F07H5.4	283.733592071532	5.80683310488745	0.342499254784671	13.5962077624346	4.21740735572395e-42	1.24105321840938e-39
240	WBGene00014807	M04D5.1	46.4211451122996	-2.78555938173008	0.504078776933521	-3.62757158952507	0.000286099461892879	0.00614872748017532
241	WBGene00014955	Y102A5C.6	115.926935073469	-2.38790002577363	0.356352341162401	-3.98400613094616	6.77631230503516e-05	0.00165113265751032
242	WBGene00015017	B0205.1	465.729880031762	1.82279017273121	0.175876704127687	4.72983792974252	2.24699143717399e-06	6.63773416440857e-05
243	WBGene00015096	B0261.8	2523.32236804977	2.38724939608609	0.405175009825726	3.55018464308825	0.000384961046235142	0.00798194299388908
244	WBGene00015128	B0303.7	86.3747087801701	-2.38682801702817	0.434905763216532	-3.30464422660293	0.000950970324266176	0.0176171282105581
245	WBGene00015158	B0361.4	248.269861213095	1.71723093575439	0.218155788107422	3.35215257595588	0.000801858139664268	0.0150737509252367
246	WBGene00015238	B0511.13	2610.13806848473	3.93536739797671	0.118520645983181	24.7892398727375	1.17111821320002e-135	1.79204508983866e-132
247	WBGene00015271	C01B4.7	122.823096328669	-2.52624270931271	0.324177509802713	-4.77847215250254	1.76632220099663e-06	5.3198797037393e-05
248	WBGene00015451	C04F5.9	80.3231992138787	-2.26949276497254	0.376843938952479	-3.46226551616323	0.000535648435727355	0.0106447952772727
249	WBGene00015469	C05D2.8	151.148873445691	-3.992511093825	0.364022295197236	-8.1308867014113	4.26161521294249e-16	3.58303494442011e-14
250	WBGene00015485	C05D11.8	57.0331842291047	-2.511518465129	0.447187338994529	-3.47785980536595	0.000505434201805492	0.010203369598981
251	WBGene00015701	C11D2.3	104.958028049656	-3.16141410561718	0.374835556084668	-5.79746532069444	6.732469697719e-09	2.72540347392847e-07
252	WBGene00015735	pdfr-1	146.870735160972	-2.56345482633665	0.299967934809775	-5.27581092085265	1.32170310723731e-07	4.55511282588859e-06
253	WBGene00015797	C15F1.8	1526.40420978456	4.07497193874446	0.138076594573916	22.2873582471861	4.90069624875462e-110	4.16613633324684e-107
254	WBGene00015868	C16H3.3	250.404380119453	-2.49741207693867	0.254040639983551	-5.95483671393846	2.60331618795122e-09	1.17060676180444e-07
255	WBGene00016067	C24H10.1	87.845268716481	-2.77137993703385	0.394405741473547	-4.56359549268911	5.0284921815327e-06	0.000142492569188543
256	WBGene00016110	npr-11	68.9292063619992	-4.67325542049262	0.572723586192957	-5.85342166028546	4.81561139401008e-09	2.01334659975798e-07
257	WBGene00016177	C28C12.1	40.3412679383454	-4.06966729692303	0.642790354001513	-4.46257367137136	8.09810726512493e-06	0.000224487748860401
258	WBGene00016273	C30G12.1	783.144491166377	-4.42790691295276	0.196703643341407	-17.3676688039934	1.44998245374027e-67	9.24484646130569e-65
259	WBGene00016295	fbxc-40	65.5408511024114	-2.87760026258932	0.441876118726658	-4.31504894653993	1.59567544060418e-05	0.000431396211875004
260	WBGene00016307	fbxc-18	82.4491197649306	-2.108930216134	0.370234593875493	-3.09352741653621	0.00197792276640672	0.0340835294724726
261	WBGene00016319	C32D5.12	94.2446447735983	-2.19259330855649	0.357072003547949	-3.43264813976169	0.000597717248687499	0.0116364749865345
262	WBGene00016345	C33E10.1	59.3444394327559	-2.63572223301796	0.448560711513587	-3.73656382390352	0.000186552113747248	0.00418566047589499
263	WBGene00016435	C35B1.5	125.780887978654	-3.02204011177847	0.356193849673388	-5.72955556293609	1.00694103653993e-08	3.95082352336771e-07
264	WBGene00016485	C36C9.1	46.323371897487	-2.75366449329744	0.521100704326706	-3.46633229660414	0.00052761076210339	0.0105123696376381
265	WBGene00016550	C40A11.7	65.7316248281279	2.56862417708647	0.403320055697648	3.99630244308393	6.43395262244072e-05	0.00157272113464198
266	WBGene00016565	C41D11.6	417.015246813175	-2.20804119983985	0.191929479914542	-6.34427599054227	2.23473892229559e-10	1.16312840098527e-08
267	WBGene00016585	oac-59	119.454869027028	-2.88120864791747	0.342372196424299	-5.54837192707517	2.88341985252591e-08	1.08142378880763e-06
268	WBGene00016639	C44B12.6	43.7596009367253	-2.70135936981528	0.508689619929117	-3.4381402068328	0.000585724338717439	0.0114320839681814
269	WBGene00016871	inso-1	331.155920613259	-3.31005281694154	0.233141863514747	-9.92631743660864	3.19850580059639e-23	4.14775726785813e-21
270	WBGene00016882	C52E2.3	29.3607665620045	-3.03535898927619	0.630943526967496	-3.2895313174427	0.00100354388060373	0.0184570053617768
271	WBGene00016953	C55C3.3	152.745279057043	-3.74813424299556	0.390015116664497	-7.0441065200715	1.86655316492635e-12	1.18024779048359e-10
272	WBGene00017009	D1007.13	14.0415620849666	3.70767584613825	0.784130583330053	3.29420582715307	0.000987001959765256	0.0182404637540193
273	WBGene00017071	aagr-1	237.491172974826	-5.11149880974812	0.371106146587254	-10.6662556289526	1.46407982118347e-26	2.33368223164057e-24
274	WBGene00017106	E02H9.9	62.2518309348725	-3.44508361780876	0.483693728663088	-5.0349072552803	4.78080243306766e-07	1.5631589493761e-05
275	WBGene00017152	EGAP798.1	70.3951079538184	-2.5634392568869	0.411289663864887	-3.88757803320756	0.000101249442878466	0.00238356765373276
276	WBGene00017160	F01F1.3	50.0515787755307	-2.89487038863946	0.508737657806889	-3.80483438074164	0.000141899103470073	0.00328990921408948
277	WBGene00017185	F07B7.1	453.138307510222	-1.6026843422894	0.181667363685197	-3.37022897411794	0.00075105747057463	0.0142589099438374
278	WBGene00017186	F07B7.2	522.355655429362	-3.07424072048018	0.187735392211459	-11.0769908567578	1.62233705072657e-28	2.9553573274069e-26
279	WBGene00017354	F10E9.2	221.348271181056	-3.85303574285449	0.302845430505995	-9.37913973317694	6.65131801517853e-21	7.82911294371245e-19
280	WBGene00017453	F14D2.5	42.8334288399126	-3.27652045206264	0.583934997234011	-3.93485482361886	8.32470002362069e-05	0.00198100925703984
281	WBGene00017515	F16F9.4	130.942989332491	-1.96516581143815	0.314913310975176	-3.15219026594045	0.0016205064254953	0.0283070654371337
282	WBGene00017639	F20D6.10	160.046167234025	-2.17862514569078	0.287970015515099	-4.16806018855003	3.07202825798499e-05	0.0007913834411395
283	WBGene00017644	exc-9	39.9044368882085	-2.64820200065127	0.52711796295498	-3.23035567772861	0.00123636306308026	0.0223099381972336
284	WBGene00017698	F22B7.9	59.4061938788933	-4.10043140952156	0.555018874964104	-5.35416957953916	8.59502249662823e-08	3.058628703335e-06
285	WBGene00017737	F23C8.8	65.1691457049855	-2.91382283734238	0.453722888322997	-4.28726376260238	1.80887462932762e-05	0.000482219504842705
286	WBGene00017796	F25G6.1	942.524523887152	1.49714862827762	0.160121499766271	3.15245285486219	0.00161904963920712	0.0283070654371337
287	WBGene00017818	F26D11.1	1076.53388524212	5.0207932675553	0.174632785830311	22.9804168462218	7.31815467043832e-117	7.99874305478908e-114
288	WBGene00017900	F28E10.1	181.730583804454	-1.96181941175128	0.265371907703192	-3.69725884193855	0.000217940093342483	0.00480535923390011
289	WBGene00017979	F32B5.6	545.282733944921	-1.96237206255145	0.173320954256843	-5.60072138766203	2.13461591354542e-08	8.12534644504278e-07
290	WBGene00018005	F33D11.8	193.513983946135	-2.84128277668261	0.30211417910307	-6.15546421452349	7.48578982729569e-10	3.64801133558212e-08
291	WBGene00018065	F35F11.2	103.935453723884	-2.40143989794876	0.346409093257696	-4.12716569639919	3.67261772502952e-05	0.000936639940473361
292	WBGene00018204	F39F10.4	105.818246135457	-2.54485292191036	0.347548975905676	-4.51958843179498	6.19599633122019e-06	0.000173646768974966
293	WBGene00018241	F40G9.5	25.4475065632041	-3.40919447703919	0.679256950570949	-3.47480829950006	0.000511218541426005	0.0102929817380273
294	WBGene00018390	F43E2.1	4453.8049931675	1.41939087581432	0.105343591512235	4.01242545395469	6.0098060288943e-05	0.00147848957964856
295	WBGene00018433	ceh-82	53.1880783097922	-3.42037849728116	0.51274162118637	-4.69836120367422	2.62257320103385e-06	7.65851433630152e-05
296	WBGene00018439	fbxa-184	109.847171829161	-3.89652821163861	0.406859863863841	-7.02383601920389	2.15858134827339e-12	1.34270779639347e-10
297	WBGene00018575	clec-119	53.0400889711956	-2.6030341980789	0.466301053348118	-3.53274471651926	0.000411269395714989	0.00845866168444994
298	WBGene00018578	F47G3.3	90.7535633936876	-2.1615328502026	0.364359307917125	-3.28391406272827	0.0010237613459677	0.0187387513349255
299	WBGene00018606	F48E3.6	51.5982718687807	-3.05796792104931	0.497674774496451	-4.18298142268596	2.87710910372055e-05	0.00074873339294442
300	WBGene00018615	F48G7.4	162.206304925923	-3.06785606843671	0.303720025661854	-6.84310665832865	7.7493908929991e-12	4.45793907686738e-10
301	WBGene00018658	bath-22	805.243808979361	1.99757903048991	0.146640878787716	6.84549612193244	7.62112840940796e-12	4.41736768639245e-10
302	WBGene00018660	F52C6.3	151.580096683307	2.24346726833381	0.28053947316156	4.51176060959454	6.42917264071688e-06	0.000179524087131842
303	WBGene00018661	F52C6.4	241.546347210365	3.32220300097877	0.241654807429642	9.65033666988047	4.89946112912568e-22	6.04609308047428e-20
304	WBGene00018663	math-31	45.839272265351	-3.87929529128765	0.587629138803886	-4.71504282188527	2.41659920151852e-06	7.11130788108391e-05
305	WBGene00018664	bath-11	2507.0886903843	1.33061097202683	0.109905789002502	3.04074870568846	0.00235990701115098	0.0399839474928179
306	WBGene00018711	F52G3.3	422.086526253363	-2.78770650243568	0.197340141530688	-9.09725044800449	9.26475334646296e-20	9.7102229936696e-18
307	WBGene00018712	F52G3.4	47.9564779651807	-2.58409896857614	0.485727323871852	-3.36264073116462	0.000772007645126912	0.0146203725070941
308	WBGene00018767	F53G2.2	45.5009175726988	-4.51606179358278	0.647381617987706	-4.77747643740379	1.7750884308067e-06	5.3198797037393e-05
309	WBGene00018773	F53G12.8	107.087384683941	-2.95205677994837	0.359038973087672	-5.48563816058497	4.11979416654698e-08	1.53758756918297e-06
310	WBGene00018804	F54D10.3	426.799357154575	2.09112774297512	0.196200780605199	5.61816038797119	1.93001302633694e-08	7.45784326490096e-07
311	WBGene00018842	F54H12.2	17.8060467734358	3.51518517067414	0.735105396033035	3.45006769349638	0.000560446000263439	0.0109666811969708
312	WBGene00018878	glit-1	609.24372990207	-2.62179561954009	0.169721394690748	-9.59394894073133	8.47767279654541e-22	1.02956626295824e-19
313	WBGene00018901	F55G1.5	25.8731212653261	-3.01878572309713	0.653958919368497	-3.14984278774569	0.00163358342656389	0.0284704938420052
314	WBGene00018928	F56B3.2	53.9643168774632	-2.29597782634072	0.447610253839103	-3.00641656419293	0.00264346588076862	0.0438723589018671
315	WBGene00018990	klf-1	493.740112164483	-6.17142532711931	0.34805711472679	-14.069478350975	5.84993174401882e-45	2.2378913886744e-42
316	WBGene00019037	fbxb-17	40.2252790493535	-2.47027577519123	0.514819954453297	-2.97319665418118	0.00294715560617733	0.0484918011674468
317	WBGene00019044	F58E1.13	97.9828763155373	-3.50243040108334	0.403739471205157	-6.1820173772826	6.32875570991265e-10	3.14424090497024e-08
318	WBGene00019132	bath-19	161.598606502257	2.6015392688509	0.268563985584243	6.03238487582631	1.61557434117316e-09	7.58328790448826e-08
319	WBGene00019133	F59H6.2	147.355955658468	-2.06034447080868	0.284681772723896	-3.80033098037196	0.000144502951931021	0.00332363158467568
320	WBGene00019139	bath-1	624.076724794831	1.75684548151847	0.154117168918882	4.95613287175891	7.19100487527054e-07	2.29243242919562e-05
321	WBGene00019266	H35N09.2	64.3577681446531	-2.41780974502768	0.431537506627341	-3.3877151596174	0.000704774147809263	0.0134805675122217
322	WBGene00019316	K02E7.12	295.952897894068	-2.99862799679071	0.238420002355258	-8.41944172020308	3.78282580900416e-17	3.48703617646878e-15
323	WBGene00019360	neto-1	224.242396101137	-3.34151541688922	0.282785346340444	-8.29961784405289	1.04446820489373e-16	9.2921235298162e-15
324	WBGene00019370	K03H6.5	101.554945231267	-4.01548734685401	0.433167877489194	-6.83123423889239	8.41871376794514e-12	4.80683425660808e-10
325	WBGene00019448	frpr-13	24.1336357244608	3.20035239933258	0.636544905255354	3.56496210674182	0.000363908760973237	0.00758655566813688
326	WBGene00019491	K07E3.2	179.273079221427	-2.21359821290854	0.266641289236681	-4.61901952728356	3.85557575452697e-06	0.000112163536493862
327	WBGene00019538	K08D12.4	56.0380326736602	-5.05223754349619	0.672612934536375	-4.85889727917208	1.18041352733066e-06	3.61253755904274e-05
328	WBGene00019588	K09F6.5	28.6653101447367	3.4568171283909	0.619963912805787	4.02865866917211	5.60959945733555e-05	0.00138896587210597
329	WBGene00019611	K10B3.5	569.889847208761	-2.33979448030458	0.173011830815875	-7.78790022763543	6.81319469585517e-15	5.06094685611533e-13
330	WBGene00019705	fbxb-45	160.372180715272	-2.61111615510252	0.298777547236573	-5.45596046776907	4.8708829812781e-08	1.80034423622023e-06
331	WBGene00019871	R04E5.8	356.876745392007	-1.70566978691997	0.20772131881201	-3.4571456472928	0.000545929701465496	0.0107930443046835
332	WBGene00019875	mca-2	81.5090831526757	-2.37861915034662	0.378199866246073	-3.73413344669697	0.000188362606187889	0.00421392485363609
333	WBGene00019899	R05G6.5	36.10188701041	-3.53527600438054	0.609027150932852	-4.08248923024507	4.45558774500421e-05	0.00112879807407375
334	WBGene00019909	R06A10.1	100.604621099999	-2.72845821091656	0.360008262193168	-4.86682189958107	1.13407141077419e-06	3.4987017596102e-05
335	WBGene00019922	fbxc-28	37.0383319475403	-2.85137376218373	0.558147852895942	-3.40200387533453	0.000668936892490816	0.0128593873478574
336	WBGene00019994	cdh-1	188.986578194316	-4.36007466682231	0.662870638262645	-5.19285449786954	2.07094033516873e-07	6.91911113728208e-06
337	WBGene00020100	mks-1	112.590536621207	-4.90825024656992	0.491286761454447	-7.4259129243754	1.12004667183314e-13	7.72024962720301e-12
338	WBGene00020164	T02G5.4	1880.50626137182	1.81719401082282	0.127673823911412	6.4383284276408	1.20796401719985e-10	6.46302985706018e-09
339	WBGene00020183	T03D3.5	3272.04513622353	5.05299223414125	0.128530327597695	31.5321233727162	3.15297567734777e-218	1.20617084536939e-214
340	WBGene00020207	T04B8.5	54.010214473609	-2.62639838586044	0.463668319825023	-3.60042888510169	0.00031769271407666	0.0067706600428984
341	WBGene00020401	T10B11.5	20.9620281882337	-3.11493416934607	0.705222470646479	-3.02493212151641	0.00248688933703149	0.0416349897541092
342	WBGene00020540	T17A3.2	56.9092092854746	-2.64046157533793	0.463358210062436	-3.6347268022388	0.000278275361059079	0.00601436380639268
343	WBGene00020564	T19C3.6	97.6130360929612	-4.56178192727386	0.487357202635723	-6.94803588773346	3.70406791043322e-12	2.23148217186808e-10
344	WBGene00020630	T20F7.1	201.146348211776	-2.59348949197066	0.265117558956822	-6.06684887418033	1.30444192625916e-09	6.19893489304897e-08
345	WBGene00020643	T20H12.1	41.0893792633788	-3.39799813797424	0.570347807031509	-4.18035427227182	2.91055287723591e-05	0.000754869154702779
346	WBGene00020756	T24A6.20	204.073222924067	-2.43301063582848	0.258479335694813	-5.60407197012763	2.09373703419283e-08	8.00959102430465e-07
347	WBGene00020988	W03D8.7	513.594300203089	-1.61688365891495	0.175025541682548	-3.57523304739702	0.000349916060333549	0.00735496642201095
348	WBGene00021027	W04C9.5	101.574711917354	-4.50593877018415	0.474230580479152	-7.0721934522296	1.52503611181992e-12	9.88817906062222e-11
349	WBGene00021036	W05F2.4	302.296592670602	-3.51522326569119	0.246910512435244	-10.1872368252839	2.26099315544418e-24	3.14524702405516e-22
350	WBGene00021037	fbxa-203	5128.09052223437	1.57944502971249	0.103394087115297	5.63488577044224	1.75174410682312e-08	6.83805824556309e-07
351	WBGene00021096	W08F4.7	164.494244264817	-1.90216921315973	0.270301525091137	-3.41236657345972	0.000644014456112339	0.0124114725534396
352	WBGene00021106	W09B7.1	453.040832559906	-1.60789115307115	0.185077056204477	-3.33829572577785	0.000842939843156781	0.015807188088217
353	WBGene00021107	W09B7.2	523.714830349529	-3.13124423741497	0.199467280682631	-10.716429138301	8.52306211980176e-27	1.38744570805539e-24
354	WBGene00021148	W10G11.19	377.186861792473	-4.0557365039509	0.246007195986138	-12.3697999020352	3.80768782751361e-35	9.10394361509583e-33
355	WBGene00021193	math-44	54.3665425313447	-2.37241127462863	0.449736735172358	-3.15883048812042	0.00158403595387762	0.0278608254784314
356	WBGene00021219	Y19D10A.4	130.188593523503	-2.53141863832577	0.316406091859588	-4.90873905652328	9.16638461609877e-07	2.88609089291242e-05
357	WBGene00021246	Y22D7AL.7	2064.47685894767	2.86396555603707	0.136084496092406	13.7350465451204	6.26158178945746e-43	1.99614009463079e-40
358	WBGene00021333	Y34D9A.8	140.379585256679	-5.52073986509217	0.508645634000878	-7.9343772583654	2.11554123881577e-15	1.68604229356036e-13
359	WBGene00021349	arl-13	56.505219467103	-4.43951803777992	0.65202297809381	-4.89776672709479	9.69320097214828e-07	3.02704818930231e-05
360	WBGene00021353	iglr-3	62.4260033255615	-3.44208426621055	0.48629526791171	-5.00591625958342	5.55969251966582e-07	1.81009393480695e-05
361	WBGene00021407	Y38C1AB.5	24.8152800628718	3.8663534749979	0.669488534187387	4.19938216260784	2.67644270711935e-05	0.000699978869804039
362	WBGene00021415	nsy-4	121.899625651178	-3.43245116283539	0.367910402360145	-6.61421738084715	3.73522521565983e-11	2.05598619604413e-09
363	WBGene00021416	mksr-2	274.897251414494	-2.89074657634931	0.253478144161121	-7.50693251363177	6.05289108596092e-14	4.24868529345752e-12
364	WBGene00021417	nhr-236	71.0286790617706	-3.20302045742871	0.448295071288637	-4.94427977489875	7.64258812431485e-07	2.42628388959058e-05
365	WBGene00021430	Y38F2AR.12	272.388600549043	-6.16666191550721	0.45487543908781	-10.2194389980459	1.62277294219797e-24	2.29922884828828e-22
366	WBGene00021458	Y39G10AL.1	42.0923522504231	-3.75554531967127	0.593606264655089	-4.49526003104345	6.94849809964852e-06	0.00019331985076513
367	WBGene00021461	nekl-1	20.3396310417298	-3.62696762896589	0.75004712932205	-3.23919994736205	0.00119865511968105	0.0216806390559804
368	WBGene00021479	oac-55	21.5749501656927	-3.41725855872038	0.719028562721649	-3.25858154093534	0.00111970693282654	0.0204460089333076
369	WBGene00021487	comt-3	135.728047705358	-4.07702840136928	0.382676265171883	-7.9160890211923	2.45098159296715e-15	1.9031937501053e-13
370	WBGene00021505	Y41D4A.3	204.581389093203	-2.31523831015785	0.252788901002631	-5.26450577138314	1.40566984199755e-07	4.82277128301491e-06
371	WBGene00021515	set-23	511.657949076664	1.5545438242769	0.162903266439075	3.45236865244918	0.000555687945761576	0.0109363149152686
372	WBGene00021531	Y42G9A.1	245.998963414242	-2.40456163209319	0.240847299219108	-5.8894193996902	3.87554765428469e-09	1.67524379112611e-07
373	WBGene00021542	Y43B11AL.1	37.3044010363086	-3.11825490038259	0.568940806873657	-3.75978657958634	0.000170058370833567	0.00386088010459235
374	WBGene00021547	Y44E3A.1	32.4832674439373	-4.01897212403708	0.681246202976758	-4.06286778069938	4.84734890190025e-05	0.00121596939175209
375	WBGene00021607	Y46H3C.7	179.407015821591	-2.26923441312437	0.280250273571816	-4.60026290916489	4.21958038223358e-06	0.000120913893275165
376	WBGene00021664	Y48G1BL.5	389.13270292058	2.08668883460502	0.195867303574384	5.60465857551128	2.08665874791716e-08	8.00959102430465e-07
377	WBGene00021671	Y48G1BM.6	1655.01496624055	-1.81149297473303	0.121918281536151	-6.69116932738481	2.21394302968192e-11	1.2364144613209e-09
378	WBGene00021674	Y48G1BM.9	340.976076531338	1.7642263967387	0.199532137588661	3.88894159215759	0.000100682342529513	0.00237753272436205
379	WBGene00021790	Y51H7C.12	155.872713333551	-4.09744915831097	0.361239822363976	-8.45640915933862	2.75736885481335e-17	2.57275964733865e-15
380	WBGene00021808	Y53G8AM.8	330.236579936748	-2.31880296851872	0.220240657232995	-6.04393590169033	1.50399282381102e-09	7.10311672529514e-08
381	WBGene00021819	Y53G8B.3	57.8121723601018	-4.07506932787801	0.549672955494156	-5.35567989847201	8.52352922202355e-08	3.04736084475244e-06
382	WBGene00021835	Y54E10A.17	173.358722594302	-2.69060197337501	0.286016333368237	-5.96718562040326	2.41380759946793e-09	1.09278354695439e-07
383	WBGene00021863	Y54F10BM.9	451.392693707941	-2.11944838842576	0.189720651856442	-5.95151523927412	2.65671278785238e-09	1.18177381045689e-07
384	WBGene00021886	Y54G2A.21	2536.01927353311	-1.39320134362951	0.114077705926245	-3.48047773635564	0.000500520420658056	0.0101309040699862
385	WBGene00021893	ndnf-1	245.225281649218	-2.59079534666022	0.280655577081619	-5.73663059468283	9.65785862197018e-09	3.80888022250999e-07
386	WBGene00021913	cec-8	148.0878545092	-2.68670652667695	0.312102654718191	-5.46722627843698	4.57132341324161e-08	1.6978250211025e-06
387	WBGene00021927	Y55F3AM.10	177.177750965339	-2.07411698182103	0.273601460674187	-3.99944642746947	6.34908172983855e-05	0.00155694949727547
388	WBGene00021931	Y55F3AM.14	850.970059705021	-5.20236706410941	0.220047281473515	-18.907543621077	9.88555178984542e-80	7.56343567441073e-77
389	WBGene00021939	Y55F3BR.2	348.012599296873	-2.33109200990572	0.219665467350022	-6.11600399800469	9.5950918814724e-10	4.58825299907158e-08
390	WBGene00021941	lgc-33	166.770965505405	-3.6064076005848	0.326278308922647	-7.97025016331452	1.58353488614169e-15	1.30275542084625e-13
391	WBGene00021966	Y57G7A.2	112.567984962414	-2.71958291518867	0.344767126328267	-5.05199332139418	4.37222992502264e-07	1.43570519984327e-05
392	WBGene00022020	hpo-39	343.681221704701	-4.91820253639473	0.301188077302216	-12.7529569338737	3.0014088258406e-37	7.4076706214537e-35
393	WBGene00022039	Y65B4BL.7	122.869379630837	-5.49707658167734	0.539103543090668	-7.33112052303581	2.28236288199929e-13	1.53178582545409e-11
394	WBGene00022067	Y67D8C.3	138.387746527783	-2.29406058596173	0.30599530475747	-4.30492907487219	1.67039242668485e-05	0.00044842710373915
395	WBGene00022100	Y69A2AR.31	318.414048744582	-5.69407038753597	0.372462038556764	-11.9439956757903	6.97882621208079e-33	1.44310809050352e-30
396	WBGene00022103	cdh-12	788.621871605932	-2.57359048588595	0.186635024207876	-8.48003933615468	2.25117818224942e-17	2.12639065091238e-15
397	WBGene00022198	Y71H2B.11	2151.46506892782	1.84689771549787	0.117946821842623	7.21508723151672	5.38994135453778e-13	3.58595141770161e-11
398	WBGene00022209	Y73B3A.7	93.1762890361633	-2.08731910260729	0.349218716482581	-3.20619142477799	0.00134504478552387	0.0241571306432937
399	WBGene00022275	Y74C9A.1	150.375482353544	-2.01149705957976	0.284753805501707	-3.62929011529333	0.000284201696642657	0.00612514698876893
400	WBGene00022334	Y82E9BR.1	205.680429415581	-3.0683398306632	0.274732359667428	-7.56158026490237	3.98201573220174e-14	2.87065277916095e-12
401	WBGene00022353	Y82E9BR.21	20.1498409463253	-3.27240149942992	0.732779772203191	-3.07023242748892	0.00213892245116171	0.0366105048631729
402	WBGene00022366	Y92H12BL.5	1058.52987441553	3.56092977935476	0.147554309539195	17.3841423229271	1.08802840760232e-67	7.56773213324124e-65
403	WBGene00022377	gpx-4	180.159711693199	-2.39287292015675	0.270729602930049	-5.20862279748131	1.90247424845455e-07	6.38413617321304e-06
404	WBGene00022385	Y95B8A.4	286.895279177952	-1.93687575350931	0.219613384646021	-4.32678062497888	1.51304518599517e-05	0.000413439597073181
405	WBGene00022416	Y102A11A.6	59.0955647145235	-2.63845080993919	0.448728617415743	-3.74030716950611	0.000183795504809392	0.00413593943322547
406	WBGene00022512	dot-1.5	969.366641812251	-1.86149952266168	0.147378133837558	-5.88755432549389	3.91952354015793e-09	1.68473452841283e-07
407	WBGene00022519	ZC123.4	392.139093418933	-3.42627579340976	0.233688974491731	-10.4029416828388	2.4039507069276e-25	3.75359731810266e-23
408	WBGene00022542	ZC190.8	35.5996855147371	3.29757439007517	0.544159244756529	4.29942189717347	1.71244209755943e-05	0.000458108198896056
409	WBGene00022607	ZC411.1	61.8680761087795	-2.40566440966491	0.431835828582928	-3.35688920512365	0.00078824692521271	0.0148543774009912
410	WBGene00022682	ZK185.2	157.557758027274	-5.27213159684034	0.457122689151065	-8.68133478369623	3.91150938314235e-18	3.78822256840786e-16
411	WBGene00022685	ZK250.2	93.6782014083741	-2.29581635929899	0.354524262594218	-3.74216101393716	0.00018244455071874	0.00411764972728343
412	WBGene00022712	ZK355.2	215.281879793709	-2.954558135476	0.26687394226297	-7.36371209389745	1.78865246281555e-13	1.22187321366087e-11
413	WBGene00022736	ZK418.7	60.6983247943788	-2.68573397338665	0.445245879099192	-3.87000191542001	0.000108834498181078	0.00254877963487656
414	WBGene00022834	ZK973.8	310.771745623266	-5.3692682426557	0.350907738156624	-11.987801875256	4.11685162674685e-33	8.99943765606862e-31
415	WBGene00023193	Y74C9A.6	93.4252158873138	1.96367244652025	0.327614340960873	3.03776326300794	0.00238341115062961	0.0402549198972785
416	WBGene00023245	C33E10.3	63.4398905079825	-2.282985692681	0.421844250197012	-3.147002156336	0.00164953745312709	0.0286832069406258
417	WBGene00023421	rde-11	4541.56881515255	3.8934938901754	0.107833514524781	26.8578143402114	6.83601198687808e-159	1.30755819279011e-155
418	WBGene00023451	mlc-7	61.1127437692815	-3.31737829826342	0.4792896637434	-4.84054193375044	1.294855284655e-06	3.94698716450017e-05
419	WBGene00023491	tsp-21	33.5290368375209	-3.24227092862069	0.603649472418552	-3.72248421272472	0.000197272246994657	0.00437486945436556
420	WBGene00043534	W02B12.13	198.480499152172	-2.92370972794029	0.281820813550774	-6.87231318521023	6.31690781005737e-12	3.71774320421145e-10
421	WBGene00043952	ZC404.2	169.286555063498	-3.72073050929813	0.335631188756621	-8.07711732659328	6.63157356427874e-16	5.51501840655398e-14
422	WBGene00043989	AC8.11	167.6966041157	-1.88533627219656	0.267030514435243	-3.389508377743	0.000700180693505551	0.0134262718947643
423	WBGene00044137	F28H6.8	64.9071251177722	2.48683918253001	0.399887526952522	3.82634547860673	0.000130059726008616	0.00302458043675357
424	WBGene00044200	H37A05.4	71.0577299156312	-3.65389650379331	0.472958677567219	-5.54917505901871	2.87020673235809e-08	1.08142378880763e-06
425	WBGene00044249	F55B11.6	492.633623188124	-2.69092770271262	0.185294043236175	-9.1650816578792	4.9509475631944e-20	5.48981156608701e-18
426	WBGene00044281	R04A9.7	120.74208942357	-2.98480843038356	0.34193625676432	-5.84857233593683	4.95810020790585e-09	2.05050944273988e-07
427	WBGene00044372	ZC239.21	144.244343932432	-3.30426489284533	0.330820605434571	-6.98002903308272	2.9511906917867e-12	1.8063647986288e-10
428	WBGene00044413	B0205.12	136.19078458454	-2.23763810025592	0.367603807644307	-3.46840521281227	0.000523557186845885	0.0104862199909892
429	WBGene00044414	C06A5.12	228.408080712044	-1.78886131604449	0.252753780657489	-3.19359799639493	0.00140511637573032	0.0250595463652976
430	WBGene00044439	Y51H7C.15	67.4681889108904	-2.23200651338762	0.422497847634005	-3.02628910707121	0.0024757545909907	0.041539470122083
431	WBGene00044503	Y73B6A.6	59.3434437830245	-2.520200433848	0.440573206459215	-3.54593268092725	0.000391226137044148	0.00808992209331021
432	WBGene00044637	rft-1	118.354034054008	-3.79998292331848	0.39365060066362	-7.05143377338569	1.77083507138443e-12	1.12905492759686e-10
433	WBGene00044692	fbxb-91	148.240195840743	-2.61183970296187	0.301247286319186	-5.41243846137469	6.2172224518545e-08	2.25440611275539e-06
434	WBGene00044768	M117.7	30.1115773622892	-2.91968470553333	0.606475481026419	-3.2435298182152	0.00118058452676628	0.0214043891333857
435	WBGene00045056	F13H10.9	141.962202699893	-2.48233959200698	0.301804429017282	-4.97897286318607	6.39226036649464e-07	2.06359426430593e-05
436	WBGene00045062	Y38H8A.8	782.999036451769	-1.54109772299854	0.149460700985531	-3.66395390060532	0.000248351502951951	0.00542896385452965
437	WBGene00045077	Y71A12B.18	896.022677796773	-2.40633468683668	0.15353476682696	-9.19944451995283	3.59804900371444e-20	4.04833425403223e-18
438	WBGene00045167	F43A11.8	172.551877018526	2.73114003762415	0.276336268275954	6.33444478169628	2.38197455344069e-10	1.23138427759289e-08
439	WBGene00045170	T19C4.12	307.329071945436	1.78166320215526	0.200936317710441	3.94917929748962	7.84195978732066e-05	0.00188084120165487
440	WBGene00045255	nhr-146	160.331815096654	-1.84276682821416	0.28374594926524	-3.05023887756934	0.00228659419153544	0.0389637687292598
441	WBGene00050936	ZK856.16	154.970160675428	2.03733362116983	0.279364634705396	3.79458364346491	0.000147891420197566	0.003387776215364
442	WBGene00050946	M162.12	55.6564554259507	-2.67973179618118	0.459195109101818	-3.74449404910626	0.000180757660981928	0.00409164752713825
443	WBGene00077712	nipi-4	311.098345329265	-1.86837362249298	0.215360612990642	-4.09264865844724	4.26473657886537e-05	0.00108403653039531
444	WBGene00077756	Y11D7A.19	129.28391759221	-3.21381667874731	0.34209494965303	-6.49474133711	8.31761942332716e-11	4.48155677520254e-09
445	WBGene00164985	ZK1010.10	109.066805010803	-2.85192291942551	0.356385188719941	-5.25473739129765	1.48235831152275e-07	5.06318010779489e-06
446	WBGene00189952	K10D2.8	227.436141276947	-5.38264130172054	0.40036860535614	-10.3590828013431	3.80594004394663e-25	5.70965632867366e-23
447	WBGene00194678	R10D12.18	446.116514199465	-4.8064336724343	0.263518934743889	-14.2620653264201	3.77125841892288e-46	1.60299434239883e-43
448	WBGene00194725	T16H12.13	60.703457725944	-2.66027675536828	0.466638687368585	-3.65679377594958	0.000255389682033959	0.00556691298359492
449	WBGene00195813	F31C3.13	5106.74806939059	1.88954838999373	0.153728523126893	5.83221761170258	5.46955210377579e-09	2.23783653187105e-07
450	WBGene00196434	K06C4.19	31.2994402865784	2.91102355254262	0.557318375860753	3.55602155671235	0.000376513197875892	0.00782799586127295
451	WBGene00197946	ZK622.8	252.346701566209	1.71022926519167	0.229095358400123	3.1681008094581	0.00153438305536633	0.0271749184180736
452	WBGene00198945	T08G5.18	98.9515021398653	2.18319159648511	0.3373851922984	3.60405504829574	0.000313290656721261	0.00669549389545912
453	WBGene00199045	Y53F4B.58	290.8750269766	2.63263987795984	0.212222945264263	7.7477982200238	9.3499556912933e-15	6.87851067250818e-13
454	WBGene00199371	T03F7.14	51.1541692863344	3.00654335849447	0.489195675002828	4.21415470967417	2.50715390903154e-05	0.000661456364068975
455	WBGene00200274	M03A1.12	264.131891636181	1.64309029510605	0.220598534619219	2.98074356023085	0.00287549474282231	0.047619935665224
456	WBGene00219319	H25P06.5	52.7143826757032	-2.43119268462293	0.468423679308003	-3.16695819763868	0.00154042459902179	0.0272189113328307
457	WBGene00219413	Y38F2AL.12	58.2310024471727	-2.82009574210881	0.466625707625688	-3.97871141534031	6.92897820710148e-05	0.0016829718178582
458	WBGene00219451	F52D2.12	251.525312674156	-2.44802391933216	0.247055593099277	-5.92028862478334	3.2137710609658e-09	1.41313576939364e-07
459	WBGene00219548	JC8.17	28.7956370074829	-3.35654915834375	0.652099577670901	-3.58349118739795	0.000339032207638926	0.00718541667768816
460	WBGene00219700	linc-6	5404.14026167353	2.38314907093098	0.104444507109441	13.2734300435117	3.3011734499159e-40	9.02045645189521e-38
461	WBGene00219800	C05D9.12	803.630507051977	2.90568220073884	0.148990778472069	12.8277466423948	1.14650379226718e-37	2.92396683821207e-35
462	WBGene00219816	C14E2.12	80.8743468396099	2.76309211812391	0.367128990093456	4.89098231493917	1.00333980180343e-06	3.1205499282919e-05
463	WBGene00219822	C17H12.36	663.958787003601	1.69514547819646	0.167450484811129	4.20090716815325	2.65847589713266e-05	0.000698969040857799
464	WBGene00219912	F22H10.10	381.567075296301	3.01247932829942	0.195177609593286	10.3547522365478	3.98216242598614e-25	5.85913936946537e-23
465	WBGene00220238	ZK185.9	489.832257048489	4.05515697426004	0.201370825640646	15.1778686630788	4.95626182135927e-52	2.37002244970124e-49
